x Best Values
    1      3.79915518569606e-010
    2      4.15814062298159e-011
    3      6.80033757580565e-014
    4      2.59015117297165e-003
    5      4.72931293343696e-006
    6      6.17695837770113e-012
    7      4.98121555290453e-008
    8      2.12783557708517e-011
    9      5.28774210704926e-009
   10      5.66824624509910e-002
   11      2.80642687232020e-007
   12      2.57504158856632e-004
   13      4.97936019885198e-008
   14      6.69618357648278e-002
   15      4.48950069831664e-003
   16      5.54028521985022e-001
   17      5.35033631039447e-011
   18      4.36062635200732e-020
   19      2.18740584574482e-003
   20      2.56527457034161e-006
   21      1.20537863678359e-006
   22      6.01603706328251e-019
   23      5.77098905476267e-015
   24      9.61097569563108e-016
   25      1.75943602189397e-008
   26      7.62940283458421e-020
   27      2.92449550686845e-010
   28      1.28030930403764e-011
   29      3.61663950304430e-011
   30      1.52558756158705e-017
   31      1.84001751289033e-010
   32      4.01857486273923e-015
   33      5.99263545096051e-013
   34      2.51771927388368e-011
   35      4.10938235761598e-018
   36      3.57584591154642e-009
   37      7.38020045353049e-010
   38      1.56249950988388e-014
   39      4.30375178464029e-006

f Best Values
BzzVector No.8
Size 39
    1      9.78110622771374e-004
    2     -4.48039692859865e-004
    3     -4.82994848096818e-004
    4     -1.15501628426011e-003
    5      8.89538008614119e-004
    6      2.87184308874121e-004
    7      4.37269742151498e-003
    8     -8.77462047403643e-003
    9      2.01894000592929e-003
   10     -9.90964325179272e-004
   11     -6.67063517877061e-004
   12      1.56625652339363e-011
   13     -1.02517294008401e-001
   14      7.08667653383790e-006
   15     -4.18400876664475e-008
   16     -1.13827694779158e-003
   17     -9.67010974170512e-007
   18      5.22890035957457e-010
   19      3.22062252517893e-008
   20     -6.73879830545088e-010
   21      2.37993809581439e-006
   22     -2.45952854302807e-006
   23     -2.41938077794107e-009
   24      1.14082117445915e-003
   25     -9.84975069255870e-002
   26     -2.73625708031815e-004
   27     -1.13234899131104e-007
   28     -1.07349318761889e-007
   29     -1.85228051815327e-005
   30      3.24185123190546e-014
   31      1.96802895537054e-007
   32     -7.95678468898019e-006
   33     -5.39578803782591e-005
   34      6.24481194604759e-005
   35     -9.95235269877902e-006
   36      1.24659859423189e-002
   37      1.60065850823984e-002
   38      0.00000000000000e+000
   39     -5.02763941589990e-010

Weights in PH
BzzVector No.20
Size 39
    1      1.44744347964215e-008
    2      1.00000000000000e-008
    3      1.00000000000000e-008
    4      1.05765012162210e-008
    5      1.00000000000000e-008
    6      1.00000000000000e-008
    7      1.00000000000000e-008
    8      1.00000000000000e-008
    9      1.00000000000000e-008
   10      1.00000000000000e-008
   11      1.59551513125716e-007
   12      1.00000000000000e-008
   13      1.00000000000000e-008
   14      9.11880480916586e-007
   15      1.00000000000000e-008
   16      1.00000000000000e-008
   17      1.00000000000000e-008
   18      2.03176234241796e-008
   19      1.00000000000000e-008
   20      1.00000000000000e-008
   21      1.00000000000000e-008
   22      1.11984913296246e-007
   23      1.00000000000000e-008
   24      1.03004684905225e-008
   25      1.00000000000000e-008
   26      4.12026807756494e-008
   27      6.69575987772635e-005
   28      1.00000000000000e-008
   29      1.00000000000000e-008
   30      8.10116487816343e-003
   31      8.79881481031265e-007
   32      7.46468994726580e-008
   33      7.30232161601391e-008
   34      1.00000000000000e-008
   35      6.21822011824873e-007
   36      1.00000000000000e-008
   37      4.13215764057872e-008
   38      1.00000000000000e+000
   39      4.66252617429703e-002

